n = 60 p=4 
 
0.00371909
0.00372195
0.0032599
0.00380611
0.00151491
0.00190401
0.00260615
0.00372481
0.00268102
0.0022831
 
n = 120 p=4 
 
0.00373888
0.00883293
0.00771594
0.00713611
0.00625992
0.00553393
0.0066011
0.00806808
0.00894809
0.00451398
 
n = 240 p=4 
 
0.020957
0.0215702
0.0234129
0.0220962
0.023324
0.0241051
0.0249059
0.024328
0.0256169
0.024199
 
n = 480 p=4 
 
0.175038
0.164983
0.228356
0.192484
0.166649
0.170965
0.191642
0.18495
0.167979
0.163664
 
n = 960 p=4 
 
1.28958
1.29357
1.3105
1.28056
1.33103
1.77978
1.3175
1.28703
1.32025
1.28695
 
n = 1920 p=4 
 
10.1848
10.8484
10.4966
10.215
11.6785
11.7017
10.7575
10.996
10.3627
10.6184
 
n = 3840 p=4 
 
83.1322
82.03
83.6615
82.1931
81.6506
82.0465
81.5837
81.3508
82.1336
81.7069
 
n = 7680 p=4 
 
643.829
643.871
644.623
644.761
643.773
645.214
644.154
643.801
644.435
645.784
 
n = 7680 p=1 
 
1184.48
1170.04
1170.03
1170.85
1168.91
1176.77
1194.11
1211.64
1226.48
 
