0,00349784
0,00331211
0,00345707
0,00356793
0,00306797
0,00195503
0,00371099
0,00327802
0,00338793
0,00370693

n=120
0,00451612
0,00409293
0,00361109
0,00899291
0,00798988
0,00777411
0,00555491
0,00884104
0,006037
0,00426102

n=240
0,0237529
0,0217831
0,0225532
0,0206828
0,021996
0,020674
0,020612
0,023545
0,024148
0,0218341

n=480
0,159769
0,153324
0,149881
0,149931
0,151267
0,153133
0,153712
0,1499
0,150438
0,15477

n=960
1,24279
1,22514
1,2227
1,24117
1,22435
1,23398
1,24026
1,22413
1,21653
1,24026

n=1920
10,0623
10,4528
11,1275
11,9476
11,575
11,2144
10,6338
10,7602
9,72663
10,0908

n=3840
77.8138
84.1801
89.1716
87,5045
107.151
