60

0,00048089	0,00124216	0,000481129	0,000635862	0,000620127	0,000648022	0,000647068	0,00048089	0,000509977	0,000744104	
120

0,00677013	0,00413299	0,00359702	0,00354314	0,00454998	0,00790501	0,00880909	0,00481701	0,00908709	0,00474596

240

0,029963	0,029247	0,032861	0,030098	0,0289462	0,030035	0,0300128	0,0305719	0,0271399	0,027689

n = 480 

0,210197	0,209526	0,212152	0,212805	0,222321	0,223835	0,227946	0,213926	0,212213	0,210476

n = 960 

1,66707	1,66479	1,69596	1,71198	1,70236	1,68493	1,66702	1,66485	1,66196	1,66595

n = 1920 
 
13,3257	13,3779	13,5829	13,5055	13,3242	13,9924	13,3614	13,3347	13,3292	13,3902

 
n = 3840 
 
106,012	105,132	105,137	104,957	105,007	105,026	104,978	104,919	105,022	105,108

n = 7680 
 
838,366	834,057	833,83	838,392	838,441	838,21	838,377	833,024	834,116	838,423

============================================

n = 60  p=4 
 
0,00246501	0,00234413	0,00197101	0,00236011	0,00108099	0,0009799	0,000952005	0,00306296	0,00229001	0,00194812
n = 120  p=4 
 
0,0055449	0,00608706	0,00392485	0,00735307	0,00324607	0,00476003	0,00732493	0,0062809	0,00436211	0,00530505
n = 240  p=4 
 
0,0171301	0,018441	0,0178361	0,0207121	0,0191381	0,0197351	0,0200479	0,0189161	0,0198781	0,021102
n = 480  p=4 
 
0,123098	0,119797	0,120182	0,122697	0,199684	0,121795	0,186312	0,150074	0,122188	0,120369
n = 960  p=4 
 
0,968895	0,959887	0,958432	0,964932	0,959697	0,955736	0,963798	0,97479	0,954996	0,95423
n = 3840 p=4 
 
62,9522	60,4415	60,9071	62,2259	61,3056	60,7994	61,9512	60,4831	61,1555	63,2144
-------------------

 
n = 7680 p=4 
 
559,598	513,883	536,244	587,879	557,664	605,295	573,819	625,183	580,487	598,807
 
n = 1920 p=4 
 
10,5941	10,555	10,4977	10,2748	10,433	10,2716	10,9961	10,493	10,0037	10,6633	 
n = 960 p=4 
 
1,24934	1,13893	1,08017	1,13826	1,1431	1,23615	1,13739	1,18786	1,2768	1,15985	 
n = 3840 p=4 
 
67,2681
65,4076
66,9973
65,0606
62,616
65,477
67,1338
66,0201
65,5498
64,4736
 
n = 7680 p=4 
 
516,509	515,936	576,84	590,424	531,525	493,191	493,232	496,943	494,262	

 
n = 1920 p=4 
 
8,02617
7,81021
7,72418
8,67962
9,37915
8,70139
8,7662
8,46753
8,38869
8,48135
 
n = 960 p=4 
 
1,14678	1,15212	1,09535	0,973244	1,13158	1,05912	0,99183	1,00879	0,987188	1,232
n = 7680 p=4 
 
597.26
647.965
564.519
617.784
609.819
632.694
